100
-465566
-26915
663428
484283
378486
673927
513579
-105901
936282
791233
718593
443414
476112
-859768
673990
5414
732625
-670469
-351121
11994
145586
-54673
463330
-616891
934355
709609
369917
285036
894359
-404830
-749165
-122917
788067
-940052
-335042
727497
352404
544338
-982973
-615623
911294
289030
-298874
999364
-214256
574108
-751084
479643
162491
-25537
886768
-630678
-219378
900676
-146364
504470
-825534
-542835
957013
-491893
-366838
860686
-284544
-791022
571586
476057
711412
-714456
864603
676863
56938
99045
-740313
-25635
-900496
-796793
4502
-561460
528607
-454179
-602260
846130
288423
-25682
-453842
-162760
705242
-357447
572489
376211
-382225
-642478
661533
955872
-175408
649504
-315476
836372
838555
-314454
